0.3937007784843445
0.5511810779571533
0.5511810779571533
0.5511810779571533
0.5511810779571533
0.5511810779571533
0.5511810779571533
0.5511810779571533
0.5511810779571533
0.7007874250411987
0.7401574850082397
0.7401574850082397
0.787401556968689
0.7952755689620972
0.7952755689620972
0.7559055089950562
0.7165354490280151
0.7086614370346069
0.6771653294563293
0.6614173054695129
0.6062992215156555
0.4409448802471161
0.3779527544975281
0.07086614519357681
0.07086614519357681
-0.0625
-0.109375
-0.1796875
-0.1953125
-0.1953125
-0.2265625
-0.21875
-0.1015625
-0.1015625
-0.0078125
0.007874015718698502
0.11811023950576782
0.20472441613674164
0.30708661675453186
0.36220473051071167
0.4330708682537079
0.4881889820098877
0.4881889820098877
0.4881889820098877
0.4881889820098877
0.4881889820098877
0.4881889820098877
0.4881889820098877
0.4881889820098877
0.4881889820098877
0.4881889820098877
0.4488188922405243
0.4094488322734833
0.29133859276771545
0.25196850299835205
0.25196850299835205
0.29921260476112366
0.4094488322734833
0.5826771855354309
0.6771653294563293
0.7952755689620972
0.8188976645469666
0.8897637724876404
0.9291338324546814
0.9685039520263672
1.0
1.0
1.0
1.0
1.0
1.0
0.9921259880065918
0.8897637724876404
0.7086614370346069
0.5984252095222473
0.5984252095222473
0.6614173054695129
0.6614173054695129
0.6614173054695129
0.6614173054695129
0.7952755689620972
0.7952755689620972
0.7952755689620972
0.7952755689620972
0.7952755689620972
0.7952755689620972
0.7952755689620972
0.7086614370346069
0.6614173054695129
0.4724409580230713
0.35433071851730347
0.07086614519357681
0.031496062874794006
0.031496062874794006
0.031496062874794006
0.031496062874794006
0.031496062874794006
0.031496062874794006
0.031496062874794006
0.031496062874794006
0.031496062874794006
0.031496062874794006
0.031496062874794006
0.031496062874794006
0.031496062874794006
0.031496062874794006
0.031496062874794006
0.031496062874794006
0.031496062874794006
0.031496062874794006
0.031496062874794006
0.031496062874794006
0.031496062874794006
0.031496062874794006
0.04724409431219101
0.10236220806837082
0.14960630238056183
0.18110236525535583
0.20472441613674164
0.22834645211696625
0.22834645211696625
0.22834645211696625
0.22834645211696625
0.22834645211696625
0.22834645211696625
0.18110236525535583
0.11023622006177902
0.11023622006177902
0.11023622006177902
0.11023622006177902
0.11023622006177902
0.11023622006177902
0.08661417663097382
0.08661417663097382
0.08661417663097382
0.08661417663097382
0.08661417663097382
0.07086614519357681
0.07086614519357681
0.07086614519357681
0.07086614519357681
0.07086614519357681
0.07086614519357681
0.07086614519357681
0.07086614519357681
0.07086614519357681
0.07086614519357681
0.07086614519357681
0.06299212574958801
0.04724409431219101
0.07086614519357681
0.05511811003088951
0.0

