0.4409448802471161
0.6535432934761047
0.6535432934761047
0.6535432934761047
0.6535432934761047
0.6535432934761047
0.6535432934761047
0.6535432934761047
0.6535432934761047
0.9921259880065918
1.0
1.0
1.0
1.0
1.0
1.0
1.0
1.0
1.0
1.0
1.0
1.0
1.0
1.0
1.0
1.0
1.0
1.0
1.0
1.0
1.0
1.0
0.7952755689620972
0.7952755689620972
0.28346458077430725
0.21259842813014984
0.3779527544975281
0.6614173054695129
0.9370078444480896
1.0
1.0
1.0
1.0
1.0
1.0
1.0
1.0
1.0
1.0
1.0
1.0
1.0
1.0
0.9842519760131836
0.6062992215156555
-0.0234375
-0.125
-0.1640625
-0.2578125
-0.515625
-0.8203125
-0.953125
-1.0
-1.0
-1.0
-1.0
-1.0
-1.0
-1.0
-1.0
-1.0
-1.0
-1.0
-0.53125
0.07874015718698502
0.27559053897857666
0.34645670652389526
0.34645670652389526
0.34645670652389526
0.34645670652389526
0.4803149700164795
0.9212598204612732
1.0
1.0
1.0
1.0
1.0
0.9448819160461426
0.9055117964744568
0.787401556968689
0.7086614370346069
0.4094488322734833
0.30708661675453186
0.14173229038715363
0.14173229038715363
0.16535432636737823
0.14173229038715363
0.14173229038715363
0.14173229038715363
0.12598425149917603
0.12598425149917603
0.11023622006177902
0.11023622006177902
0.11023622006177902
0.11023622006177902
0.11023622006177902
0.11023622006177902
0.11023622006177902
0.11023622006177902
0.11023622006177902
0.11023622006177902
0.08661417663097382
0.08661417663097382
0.07086614519357681
0.07086614519357681
0.07086614519357681
0.07086614519357681
0.07086614519357681
0.05511811003088951
0.0